#time;rejrate;cpu
1;0;157
100;0;188
200;0;206
300;0;327
400;0;348
500;0;382
600;0;382
700;0;493
800;0;778
900;0;824
1000;0;845
1100;0.0222222;1276
1200;0.0816327;1524
1300;0.0943396;1547
1400;0.0892857;1318
1500;0.0793651;1515
1600;0.0724638;1567
1700;0.0958904;1562
1800;0.0933333;1519
1900;0.0987654;1539
2000;0.0963855;1442
2100;0.0941176;1426
2200;0.0888889;1392
2300;0.0860215;1304
2400;0.0947368;1381
2500;0.0909091;1357
2600;0.106796;1413
2700;0.102804;1325
2800;0.125;1574
2900;0.137931;1650
3000;0.151261;1798
3100;0.177419;1969
3200;0.193798;2224
3300;0.214815;2435
3400;0.230769;2558
3500;0.248322;2613
3600;0.258065;2491
3700;0.264151;2484
3800;0.26087;2200
3900;0.25;2057
4000;0.241379;2045
4100;0.244318;2089
4200;0.268817;2390
4300;0.280423;2387
4400;0.276042;2217
4500;0.270408;2198
4600;0.265;1904
4700;0.263415;2072
4800;0.263158;2158
4900;0.267606;2263
5000;0.285068;2429
5100;0.292576;2434
5200;0.285106;2240
5300;0.295833;2368
5400;0.292181;2268
5500;0.291498;2319
5600;0.285714;2268
5700;0.284585;1983
5800;0.280156;2017
5900;0.277992;1983
6000;0.274809;1865
6100;0.276119;1944
6200;0.284672;2028
6300;0.283636;1756
6400;0.278571;1829
6500;0.27758;1798
6600;0.277193;1828
6700;0.274306;1768
6800;0.274576;1900
6900;0.27;1892
7000;0.282468;2065
7100;0.282051;2070
7200;0.285714;2160
7300;0.283019;1948
7400;0.280374;1860
7500;0.275229;2047
7600;0.27439;1927
7700;0.27439;1673
7800;0.271642;1769
7900;0.269795;1789
8000;0.276657;2048
8100;0.274788;2046
8200;0.27095;2025
8300;0.270718;2028
8400;0.275956;2069
8500;0.276423;2106
8600;0.274194;2125
8700;0.269841;2068
8800;0.26893;2152
8900;0.26615;2092
9000;0.265464;1925
9100;0.262755;2081
9200;0.262087;1997
9300;0.265152;2037
9400;0.265;1999
9500;0.265;1686
9600;0.264339;1599
9700;0.263027;1319
9800;0.260442;1385
9900;0.259804;1304
10000;0.259169;1135
10100;0.257908;1201
10200;0.256039;1206
10300;0.254808;1228
10400;0.251781;1415
10500;0.25;1317
10600;0.249412;1379
10700;0.248826;1249
10800;0.24537;1218
10900;0.24424;1212
11000;0.243119;1160
11100;0.242009;1214
11200;0.241458;1126
11300;0.239819;1056
11400;0.238202;1195
11500;0.236607;1225
11600;0.23608;1234
11700;0.235033;1082
11800;0.23348;1186
11900;0.231441;1242
12000;0.230937;1244
12100;0.230435;1162
12200;0.229437;1132
12300;0.228942;855
12400;0.226981;1008
12500;0.225053;1171
12600;0.224101;1214
12700;0.225;1445
12800;0.223602;1400
12900;0.222904;1476
13000;0.221996;1319
13100;0.221095;1265
13200;0.220202;1277
13300;0.219758;1257
13400;0.217565;1383
13500;0.215842;1451
13600;0.219608;1598
13700;0.21875;1497
13800;0.217899;1374
13900;0.2158;1576
14000;0.21374;1561
14100;0.214421;1585
14200;0.216981;1702
14300;0.216165;1712
14400;0.215356;1577
14500;0.213755;1657
14600;0.211786;1467
14700;0.212844;1530
14800;0.211679;1363
14900;0.211679;1322
15000;0.209386;1408
15100;0.208259;1406
15200;0.207885;1254
15300;0.206406;1137
15400;0.204947;1234
15500;0.206655;1481
15600;0.205934;1246
15700;0.204152;1336
15800;0.203448;1135
15900;0.202401;1207
16000;0.201709;1274
16100;0.201354;1546
16200;0.206323;1762
16300;0.209226;1768
16400;0.208197;1673
16500;0.208469;1775
16600;0.209076;1838
16700;0.209003;1811
16800;0.207337;1782
16900;0.206349;1569
17000;0.205696;1607
17100;0.205975;1698
17200;0.207813;1830
17300;0.210201;1925
17400;0.209553;1719
17500;0.208909;1716
17600;0.20916;1836
17700;0.210926;1955
17800;0.20997;1881
17900;0.209337;1784
18000;0.208084;1797
18100;0.208024;1742
18200;0.20944;1794
18300;0.208211;1548
18400;0.207299;1473
18500;0.206096;1543
18600;0.206946;1566
18700;0.20546;1476
18800;0.207092;1555
18900;0.207921;1616
19000;0.207042;1479
19100;0.207283;1603
19200;0.2106;1706
19300;0.213793;1811
19400;0.215068;1932
19500;0.213315;1652
19600;0.212938;1678
19700;0.212938;1582
19800;0.212651;949
19900;0.211513;997
20000;0.209549;975
20100;0.208719;1215
20200;0.207895;1148
20300;0.206536;1204
20400;0.206494;1341
20500;0.207474;1580
20600;0.210997;1715
20700;0.210997;1667
20800;0.211929;1771
20900;0.211125;1440
21000;0.211125;1060
21100;0.210593;1133
21200;0.210327;1076
21300;0.209536;1217
21400;0.20875;1195
21500;0.20797;1369
21600;0.207453;1436
21700;0.206683;1270
21800;0.206173;1198
21900;0.20516;1331
22000;0.203907;1290
22100;0.202916;1373
22200;0.202179;1318
22300;0.201691;1249
22400;0.200957;1386
22500;0.20143;1323
22600;0.201661;1431
22700;0.202591;1562
22800;0.20329;1692
22900;0.203986;1549
23000;0.206054;1863
23100;0.206019;1882
23200;0.205069;1722
23300;0.204833;1689
23400;0.204598;1593
23500;0.203895;1522
23600;0.202965;1520
23700;0.202273;1385
23800;0.202489;1550
23900;0.204724;1684
24000;0.203579;1684
24100;0.205327;1862
24200;0.205752;1925
24300;0.205298;1848
24400;0.21179;2254
24500;0.211099;2043
24600;0.210412;1986
24700;0.209957;1984
24800;0.211765;2282
24900;0.21254;2355
25000;0.21164;2236
25100;0.212856;2211
25200;0.212788;2337
25300;0.213166;2359
25400;0.213319;2123
25500;0.213098;2074
25600;0.21303;1919
25700;0.212371;1511
25800;0.211499;1658
25900;0.211656;1796
26000;0.213048;1860
26100;0.212766;1960
26200;0.21809;2106
26300;0.21809;1958
26400;0.217217;2032
26500;0.217;1972
26600;0.216351;1849
26700;0.215628;2004
26800;0.215415;1882
26900;0.214778;1897
27000;0.214286;1836
27100;0.214425;1918
27200;0.216505;2178
27300;0.215667;2072
27400;0.215043;1963
27500;0.214836;1720
27600;0.214423;1578
27700;0.214012;1520
27800;0.212786;1658
27900;0.211174;1609
28000;0.210576;1530
28100;0.211268;1645
28200;0.211018;1727
28300;0.210428;1692
28400;0.209842;1676
28500;0.20941;1764
28600;0.212121;1964
28700;0.213175;1911
28800;0.214741;2065
28900;0.215064;2017
29000;0.21448;1838
29100;0.213706;1853
29200;0.214928;1828
29300;0.214861;1758
29400;0.214604;1649
29500;0.214222;1471
29600;0.215044;1640
29700;0.214978;1737
29800;0.218341;2084
29900;0.219512;2161
30000;0.220779;2259
30100;0.221071;2101
30200;0.2205;2052
30300;0.221459;1976
30400;0.22108;1953
30500;0.220325;1918
30600;0.219761;1868
30700;0.219201;1809
30800;0.218935;1755
30900;0.221194;1901
31000;0.2199;1830
31100;0.221018;1838
31200;0.220649;1822
31300;0.2201;1785
31400;0.220199;1864
31500;0.22094;1987
31600;0.220758;1782
31700;0.219852;1883
31800;0.218954;1928
31900;0.220684;1938
32000;0.219968;1895
32100;0.219433;1803
32200;0.218725;1798
32300;0.218372;1676
32400;0.21875;1911
32500;0.219298;1973
32600;0.218775;1906
32700;0.219048;1775
32800;0.218527;1800
32900;0.219858;1940
33000;0.221961;2008
33100;0.22144;1977
33200;0.222741;2051
33300;0.223346;2019
33400;0.222826;2022
33500;0.222738;2014
33600;0.222479;2095
33700;0.223926;2272
33800;0.228311;2506
33900;0.228723;2427
34000;0.228961;2354
34100;0.229955;2317
34200;0.230595;2433
34300;0.230422;2143
34400;0.230075;1996
34500;0.229902;1862
34600;0.229557;1771
34700;0.229213;1458
34800;0.228358;1291
34900;0.229059;1683
35000;0.22912;1687
35100;0.229919;1768
35200;0.229809;1857
35300;0.2306;1917
35400;0.231947;2109
35500;0.231273;1806
35600;0.231159;1948
35700;0.230992;1801
35800;0.231435;2010
35900;0.232425;2221
36000;0.232857;2034
36100;0.232691;1622
36200;0.232359;1538
36300;0.231699;1638
36400;0.232673;1902
36500;0.231853;1825
36600;0.231742;1804
36700;0.231417;1720
36800;0.231682;1895
36900;0.232267;2046
37000;0.232316;1872
37100;0.233218;2000
37200;0.235862;2194
37300;0.236951;2281
37400;0.236626;1968
37500;0.236301;1740
37600;0.235817;1659
37700;0.235855;1790
37800;0.235855;1754
37900;0.235534;1733
38000;0.236967;2125
38100;0.236167;2062
38200;0.236046;2005
38300;0.236083;2033
38400;0.235925;1970
38500;0.236983;2254
38600;0.240532;2528
38700;0.241379;2427
38800;0.244224;2691
38900;0.244063;2580
39000;0.245233;2666
39100;0.24459;2400
39200;0.244285;2428
39300;0.243966;2212
39400;0.243823;2236
39500;0.243681;2312
39600;0.244502;2242
39700;0.244344;2139
39800;0.244358;2205
39900;0.245186;2321
40000;0.244872;2153
40100;0.246331;2405
40200;0.246173;2169
40300;0.24586;2207
40400;0.246819;2037
40500;0.247625;2031
40600;0.247944;1949
40700;0.247319;1917
40800;0.247487;1916
40900;0.247177;1900
41000;0.247965;1949
41100;0.247191;1930
41200;0.247661;1889
41300;0.24798;1829
41400;0.247672;1705
41500;0.247519;1429
41600;0.246906;1396
41700;0.246305;1502
41800;0.246002;1488
41900;0.245399;1426
42000;0.244798;1498
42100;0.244349;1487
42200;0.245432;1664
42300;0.246201;1790
42400;0.245752;1639
42500;0.245912;1585
42600;0.245466;1552
42700;0.248193;1831
42800;0.248496;1837
42900;0.248048;1791
43000;0.24775;1789
43100;0.248206;1782
43200;0.24821;1747
43300;0.248067;1812
43400;0.247772;1543
43500;0.247184;1562
43600;0.2466;1642
43700;0.247344;1895
43800;0.248385;2119
43900;0.248244;2043
44000;0.247664;1953
44100;0.247237;1826
44200;0.24768;1858
44300;0.24725;1647
44400;0.246821;1640
44500;0.246394;1522
44600;0.246402;1624
44700;0.245836;1620
44800;0.245554;1537
44900;0.245132;1548
45000;0.248575;2010
45100;0.249858;2146
45200;0.249151;1976
45300;0.249293;1836
45400;0.249295;1899
45500;0.249014;1909
45600;0.248454;1782
45700;0.248175;1764
45800;0.248881;1941
45900;0.249721;1987
46000;0.249722;2078
46100;0.249584;2086
46200;0.25;2028
46300;0.249862;1979
46400;0.249863;2073
46500;0.250548;2117
46600;0.250957;2010
46700;0.251226;2025
46800;0.252311;2035
46900;0.252986;2021
47000;0.252711;1854
47100;0.252028;1850
47200;0.25162;1775
47300;0.252019;1927
47400;0.254692;2476
47500;0.254283;2400
47600;0.256533;2651
47700;0.255851;2482
47800;0.256628;2578
47900;0.257415;2690
48000;0.257143;2447
48100;0.257792;2448
48200;0.25752;2429
48300;0.258303;2383
48400;0.257895;2331
48500;0.257353;2263
48600;0.257338;2383
48700;0.256934;2424
48800;0.256665;2186
48900;0.257173;2291
49000;0.256771;2270
49100;0.256504;2002
49200;0.256237;1679
49300;0.255838;1453
49400;0.255176;1588
49500;0.254912;1572
49600;0.254386;1541
49700;0.253993;1441
49800;0.253731;1404
49900;0.25347;1399
50000;0.25334;1399
50100;0.252821;1526
50200;0.252685;1675
50300;0.252809;1679
50400;0.252932;1645
50500;0.253435;1695
50600;0.254186;1760
50700;0.254057;1519
50800;0.253543;1545
50900;0.253158;1433
51000;0.253273;1630
51100;0.255138;2002
51200;0.254755;1883
51300;0.2545;1772
51400;0.2545;1623
51500;0.2545;1402
51600;0.2545;1336
51700;0.2545;1184
51800;0.2545;1090
51900;0.2545;926
52000;0.2545;682
52100;0.2545;664
52200;0.2545;633
52300;0.2545;633
52400;0.2545;633
52500;0.2545;566
52600;0.2545;566
52700;0.2545;495
52800;0.2545;495
52900;0.2545;406
53000;0.2545;406
53100;0.2545;406
53200;0.2545;367
53300;0.2545;308
53400;0.2545;308
53500;0.2545;253
53600;0.2545;253
53700;0.2545;253
53800;0.2545;253
53900;0.2545;253
54000;0.2545;253
54100;0.2545;253
54200;0.2545;253
54300;0.2545;253
54400;0.2545;180
54500;0.2545;180
54600;0.2545;135
54700;0.2545;135
54800;0.2545;135
54900;0.2545;135
55000;0.2545;135
55100;0.2545;135
55200;0.2545;135
55300;0.2545;135
55400;0.2545;135
55500;0.2545;71
55600;0.2545;71
55700;0.2545;71
55800;0.2545;71
55900;0.2545;71
56000;0.2545;71
56100;0.2545;71
56200;0.2545;71
56300;0.2545;71
56400;0.2545;71
56500;0.2545;71
56600;0.2545;0
