#time;rejrate;cpu
1;0;216
100;0;249
200;0;296
300;0;389
400;0;424
500;0;677
600;0;843
700;0;1023
800;0;1227
900;0.025641;1372
1000;0.0909091;1614
1100;0.125;1669
1200;0.14;1693
1300;0.132075;1510
1400;0.125;1427
1500;0.12069;1410
1600;0.140625;1609
1700;0.132353;1481
1800;0.128571;1179
1900;0.123288;1258
2000;0.1125;1406
2100;0.111111;1381
2200;0.108434;1389
2300;0.103448;1521
2400;0.10989;1434
2500;0.115789;1451
2600;0.14;1671
2700;0.156863;1671
2800;0.152381;1559
2900;0.152381;1418
3000;0.149533;1445
3100;0.151786;1518
3200;0.146552;1526
3300;0.152542;1462
3400;0.157025;1528
3500;0.152;1433
3600;0.152;1310
3700;0.145038;1330
3800;0.137681;1211
3900;0.135714;1286
4000;0.14094;1584
4100;0.150327;1550
4200;0.142857;1523
4300;0.140244;1579
4400;0.138554;1450
4500;0.139535;1416
4600;0.137143;1424
4700;0.135593;1420
4800;0.134078;1370
4900;0.133333;1241
5000;0.131148;1198
5100;0.126984;1359
5200;0.133333;1541
5300;0.13198;1299
5400;0.129353;1362
5500;0.127451;1413
5600;0.129808;1473
5700;0.129808;1302
5800;0.127358;1424
5900;0.127358;1330
6000;0.125581;1375
6100;0.136986;1522
6200;0.135747;1414
6300;0.141593;1686
6400;0.137931;1494
6500;0.135593;1288
6600;0.133891;1444
6700;0.133333;1346
6800;0.131148;1302
6900;0.12749;1487
7000;0.129921;1535
7100;0.129412;1449
7200;0.136882;1739
7300;0.159259;2008
7400;0.161172;1947
7500;0.16;1802
7600;0.170213;2119
7700;0.188356;2498
7800;0.189189;2424
7900;0.187291;2233
8000;0.186667;2011
8100;0.1875;2098
8200;0.192926;2318
8300;0.193651;2198
8400;0.191223;1818
8500;0.190031;1643
8600;0.189441;1478
8700;0.186544;1590
8800;0.186747;1682
8900;0.184524;1361
9000;0.183976;1293
9100;0.182353;1370
9200;0.183908;1589
9300;0.181818;1500
9400;0.183099;1560
9500;0.189944;1732
9600;0.187328;1739
9700;0.191257;1891
9800;0.191257;1742
9900;0.189702;1732
10000;0.191375;1692
10100;0.18984;1567
10200;0.189333;1452
10300;0.187831;1463
10400;0.186842;1428
10500;0.185864;1337
10600;0.184416;1353
10700;0.180662;1423
10800;0.1925;1799
10900;0.197044;2000
11000;0.2;1937
11100;0.19759;1848
11200;0.196643;1789
11300;0.195704;1760
11400;0.194313;1815
11500;0.199531;1932
11600;0.199063;1823
11700;0.197216;1525
11800;0.196347;1745
11900;0.20045;1903
12000;0.202222;2035
12100;0.206593;2179
12200;0.20915;2167
12300;0.210753;2126
12400;0.211538;2123
12500;0.21308;2226
12600;0.211297;2205
12700;0.210417;2050
12800;0.208678;2063
12900;0.206544;1904
13000;0.21328;2101
13100;0.214712;2096
13200;0.220472;2296
13300;0.21875;2323
13400;0.217054;2325
13500;0.216634;2199
13600;0.216475;2178
13700;0.219697;2062
13800;0.222846;2097
13900;0.223048;2040
14000;0.221811;1852
14100;0.21978;1948
14200;0.218807;2025
14300;0.219031;1840
14400;0.218247;1808
14500;0.217082;1599
14600;0.216696;1614
14700;0.214789;1779
14800;0.214035;1729
14900;0.21366;1658
15000;0.214533;1809
15100;0.217839;1923
15200;0.216724;1777
15300;0.21562;1598
15400;0.21489;1532
15500;0.213445;1572
15600;0.21797;1831
15700;0.217822;1748
15800;0.216393;1594
15900;0.216039;1415
16000;0.217532;1691
16100;0.218094;1758
16200;0.21865;1791
16300;0.216561;1626
16400;0.216772;1766
16500;0.218898;1858
16600;0.221184;1908
16700;0.221362;1853
16800;0.223421;1822
16900;0.222052;1777
17000;0.220365;1683
17100;0.226727;1965
17200;0.226048;1820
17300;0.224036;1856
17400;0.224189;1867
17500;0.223201;1807
17600;0.224012;1753
17700;0.227536;1928
17800;0.226551;1947
17900;0.225251;1769
18000;0.223966;1546
18100;0.222065;1626
18200;0.220506;1646
18300;0.222067;1752
18400;0.220833;1763
18500;0.228336;2002
18600;0.227831;2024
18700;0.22752;1807
18800;0.226287;1885
18900;0.224764;1919
19000;0.223861;1630
19100;0.221485;1782
19200;0.221344;1867
19300;0.220762;1678
19400;0.219895;1490
19500;0.220645;1958
19600;0.221795;1817
19700;0.222646;1893
19800;0.22601;2051
19900;0.224874;2032
20000;0.225968;2200
20100;0.228288;2289
20200;0.231813;2452
20300;0.230392;2267
20400;0.229927;2251
20500;0.229746;2328
20600;0.22864;2235
20700;0.228091;1828
20800;0.22646;1752
20900;0.225386;1775
21000;0.224852;1744
21100;0.224057;1557
21200;0.223793;1556
21300;0.222743;1626
21400;0.224299;1770
21500;0.224037;1635
21600;0.223516;1239
21700;0.222997;1056
21800;0.22248;1123
21900;0.22069;1344
22000;0.21968;1438
22100;0.219429;1224
22200;0.218182;1246
22300;0.218079;1571
22400;0.217587;1446
22500;0.217978;1559
22600;0.217877;1484
22700;0.219027;1758
22800;0.221366;2037
22900;0.225137;2344
23000;0.224646;2065
23100;0.224401;1990
23200;0.22367;1780
23300;0.221983;1839
23400;0.221267;1823
23500;0.22103;1813
23600;0.221154;1944
23700;0.221748;1801
23800;0.221868;1750
23900;0.222222;1778
24000;0.221753;1666
24100;0.220588;1650
24200;0.221526;1711
24300;0.221184;1804
24400;0.221532;1864
24500;0.221878;1919
24600;0.221193;1720
24700;0.220287;1821
24800;0.220061;1709
24900;0.220753;1905
25000;0.220871;2007
25100;0.22334;2031
25200;0.225225;2099
25300;0.224327;2014
25400;0.224104;1900
25500;0.224429;2017
25600;0.223541;2008
25700;0.226378;2105
25800;0.227761;2264
25900;0.228293;2171
26000;0.228822;2132
26100;0.229349;2243
26200;0.230097;2298
26300;0.229207;2160
26400;0.228544;2047
26500;0.227229;2139
26600;0.227099;2171
26700;0.226021;1974
26800;0.225592;1803
26900;0.224953;1608
27000;0.224528;1569
27100;0.223895;1583
27200;0.223055;1434
27300;0.223464;1625
27400;0.222841;1615
27500;0.222222;1456
27600;0.221811;1427
27700;0.221198;1390
27800;0.221101;1522
27900;0.220091;1599
28000;0.22323;1847
28100;0.225136;1985
28200;0.224729;1880
28300;0.224527;1841
28400;0.225604;2078
28500;0.229742;2127
28600;0.230496;1974
28700;0.230769;1869
28800;0.231244;1926
28900;0.230904;1889
29000;0.231643;1919
29100;0.231239;1771
29200;0.230435;1655
29300;0.229041;1797
29400;0.228843;1668
29500;0.228252;1721
29600;0.228522;1705
29700;0.228864;1896
29800;0.228474;1744
29900;0.228085;1771
30000;0.227504;1769
30100;0.228041;1818
30200;0.227082;1684
30300;0.225941;1729
30400;0.225833;1776
30500;0.22527;1537
30600;0.224896;1495
30700;0.224524;1434
30800;0.225062;1676
30900;0.224507;1660
31000;0.224138;1544
31100;0.223954;1424
31200;0.223587;1395
31300;0.222675;1368
31400;0.222764;1551
31500;0.222222;1353
31600;0.223301;1507
31700;0.226066;1710
31800;0.226324;1631
31900;0.226581;1597
32000;0.226038;1435
32100;0.227092;1566
32200;0.22673;1322
32300;0.226011;1351
32400;0.225552;1545
32500;0.225197;1495
32600;0.224138;1533
32700;0.223869;1565
32800;0.223173;1507
32900;0.222308;1601
33000;0.223593;1815
33100;0.223077;1519
33200;0.222563;1544
33300;0.222222;1523
33400;0.222477;1533
33500;0.222137;1172
33600;0.220957;1123
33700;0.220622;1118
33800;0.220288;1059
33900;0.219955;1033
34000;0.219127;1224
34100;0.217978;1332
34200;0.217489;1139
34300;0.217164;1027
34400;0.216196;1153
34500;0.216036;1091
34600;0.215715;1049
34700;0.21476;1235
34800;0.214444;1256
34900;0.2135;1299
35000;0.213031;1211
35100;0.212564;1339
35200;0.213091;1469
35300;0.212781;1429
35400;0.211858;1305
35500;0.213515;1756
35600;0.213773;1695
35700;0.21403;1697
35800;0.213571;1656
35900;0.212963;1738
36000;0.212207;1813
36100;0.213579;1983
36200;0.213983;2018
36300;0.214085;2032
36400;0.215039;2029
36500;0.215837;1847
36600;0.215385;1823
36700;0.219054;2148
36800;0.221453;2293
36900;0.221992;2167
37000;0.224518;2300
37100;0.226337;2357
37200;0.227831;2522
37300;0.228202;2541
37400;0.228785;2653
37500;0.229209;2725
37600;0.230094;2481
37700;0.230666;2540
37800;0.230511;2331
37900;0.230201;2157
38000;0.229893;2146
38100;0.230461;2335
38200;0.23;2288
38300;0.229541;2358
38400;0.230259;2048
38500;0.23082;2106
38600;0.23219;2173
38700;0.232237;2169
38800;0.232787;2330
38900;0.234794;2474
39000;0.234987;2248
39100;0.235677;2340
39200;0.236517;2394
39300;0.236057;2460
39400;0.236587;2509
39500;0.237911;2518
39600;0.239256;2578
39700;0.239103;2545
39800;0.240409;2685
39900;0.240918;2661
40000;0.24254;2693
40100;0.244782;2841
40200;0.245581;2848
40300;0.245912;2828
40400;0.246231;2769
40500;0.245922;2789
40600;0.245768;2702
40700;0.245307;2446
40800;0.244694;2578
40900;0.244403;2561
41000;0.243948;2371
41100;0.243645;2190
41200;0.244595;2272
41300;0.24476;2219
41400;0.244772;2343
41500;0.244322;2262
41600;0.246642;2371
41700;0.247259;2486
41800;0.248175;2430
41900;0.248024;2195
42000;0.247573;2268
42100;0.249698;2375
42200;0.250753;2441
42300;0.252101;2679
42400;0.251799;2387
42500;0.252387;2712
42600;0.252682;2720
42700;0.252381;2616
42800;0.251781;2484
42900;0.251483;2100
43000;0.251185;1876
43100;0.250737;2244
43200;0.250294;2086
43300;0.249853;1980
43400;0.248975;1963
43500;0.248393;1973
43600;0.249417;2066
43700;0.249564;1988
43800;0.248984;1773
43900;0.249277;1804
44000;0.248845;1720
44100;0.248991;1776
44200;0.248565;1852
44300;0.25;1979
44400;0.251995;1999
44500;0.251565;1802
44600;0.251705;1847
44700;0.250849;1811
44800;0.251555;1916
44900;0.25127;1665
45000;0.251126;1791
45100;0.250985;1665
45200;0.251682;1940
45300;0.252655;2105
45400;0.253482;2265
45500;0.255556;2506
45600;0.255969;2521
45700;0.255685;2550
45800;0.255402;2222
45900;0.254696;2199
46000;0.254555;2061
46100;0.254135;2047
46200;0.253846;1996
46300;0.253151;1962
46400;0.254506;2057
46500;0.25518;2049
46600;0.254763;1934
46700;0.254486;1522
46800;0.253934;1560
46900;0.2527;1670
47000;0.254438;2123
47100;0.254164;1793
47200;0.254292;1946
47300;0.255069;2128
47400;0.254526;2058
47500;0.254652;2028
47600;0.254912;2005
47700;0.25622;2263
47800;0.25622;2250
47900;0.257128;2262
48000;0.256857;2183
48100;0.257368;2192
48200;0.256828;2144
48300;0.258368;2511
48400;0.258098;2437
48500;0.258351;2225
48600;0.258216;1695
48700;0.257796;1889
48800;0.257395;1837
48900;0.256995;1711
49000;0.256331;1820
49100;0.256318;1724
49200;0.256952;1887
49300;0.2577;2032
49400;0.257172;1931
49500;0.258427;2297
49600;0.258163;2023
49700;0.258656;2137
49800;0.258638;2020
49900;0.25849;2024
50000;0.258097;1933
50100;0.257967;1871
50200;0.257706;1567
50300;0.257446;1588
50400;0.257316;1569
50500;0.258178;1750
50600;0.258534;1865
50700;0.258534;1811
50800;0.259018;1802
