#time;usage;occcpu;rejrate;cpu
1;0.737077;188;0;188
100;0.725704;296;0;296
200;0.725423;308;0;308
300;0.719894;342;0;342
400;0.71912;335;0;335
500;0.717165;379;0;379
600;0.717342;348;0;348
700;0.712658;417;0;417
800;0.705546;522;0;522
900;0.678151;764;0;764
1000;0.66294;942;0;942
1100;0.657588;977;0.0540541;1063
1200;0.660687;959;0.119048;1351
1300;0.660986;984;0.204082;1489
1400;0.661056;974;0.259259;1625
1500;0.66081;941;0.271186;1638
1600;0.660792;935;0.278689;1639
1700;0.662218;921;0.278689;1551
1800;0.655194;995;0.3;1838
1900;0.654912;1005;0.333333;1956
2000;0.652676;999;0.35;1847
2100;0.655651;949;0.337349;1747
2200;0.661549;967;0.318182;1621
2300;0.660845;980;0.34375;1878
2400;0.662165;979;0.336735;1705
2500;0.663504;963;0.333333;1824
2600;0.664085;938;0.336449;1876
2700;0.696901;695;0.333333;1422
2800;0.693011;707;0.327273;1416
2900;0.681021;822;0.318584;1503
3000;0.668239;1014;0.310924;1758
3100;0.672394;955;0.311475;1777
3200;0.665352;918;0.306452;1635
3300;0.661056;1009;0.3;1822
3400;0.659877;1009;0.308271;1915
3500;0.663785;979;0.301471;1799
3600;0.663961;1045;0.29078;1865
3700;0.66287;1056;0.293706;1696
3800;0.682165;925;0.289655;1535
3900;0.656989;1066;0.287582;1735
4000;0.656004;1066;0.303797;1902
4100;0.655792;1066;0.310559;1995
4200;0.65713;1064;0.304878;1801
4300;0.658785;1050;0.323529;1980
4400;0.686708;858;0.316092;1720
4500;0.668521;1018;0.307263;1831
4600;0.678662;971;0.302198;1634
4700;0.673257;1003;0.31016;1704
4800;0.664032;1052;0.312169;1730
4900;0.674665;960;0.310526;1598
5000;0.665352;1050;0.309645;1669
5100;0.668099;994;0.306533;1569
5200;0.662817;937;0.29902;1438
5300;0.650035;965;0.294686;1422
5400;0.643592;1011;0.305164;1483
5500;0.643785;1011;0.324201;1688
5600;0.639102;1007;0.337778;1939
5700;0.639349;996;0.346491;1956
5800;0.637676;1011;0.347639;2054
5900;0.637676;1011;0.364017;2246
6000;0.638574;998;0.360996;2204
6100;0.639771;1054;0.353659;2072
6200;0.641708;1055;0.352;2149
6300;0.647394;973;0.350598;1903
6400;0.657271;971;0.347656;1924
6500;0.655915;1031;0.357414;2092
6600;0.653644;1055;0.364312;2323
6700;0.650651;1068;0.362637;2247
6800;0.664173;1028;0.357401;2207
6900;0.658838;1049;0.359431;2153
7000;0.659736;959;0.353147;1881
7100;0.655141;1007;0.348276;1929
7200;0.655141;1007;0.363636;2296
7300;0.652306;985;0.36755;2193
7400;0.654384;951;0.365132;2095
7500;0.657676;975;0.365696;2054
7600;0.66;1024;0.366242;2131
7700;0.663222;938;0.365079;1985
7800;0.653415;1027;0.360502;1986
7900;0.650704;1034;0.361963;2081
8000;0.650423;1038;0.369369;2348
8100;0.645933;1004;0.367953;2175
8200;0.64088;1050;0.364706;2204
8300;0.644683;1051;0.365217;2242
8400;0.650563;958;0.361032;2039
8500;0.639296;1012;0.356941;2002
8600;0.642165;1008;0.355932;1920
8700;0.642113;1028;0.355556;1902
8800;0.642113;1028;0.364384;2064
8900;0.660423;925;0.363388;1961
9000;0.648257;1036;0.358491;1941
9100;0.648908;1016;0.355615;1921
9200;0.65;999;0.356201;1778
9300;0.656725;905;0.354331;1632
9400;0.655968;943;0.350649;1670
9500;0.663239;825;0.348837;1552
9600;0.655581;993;0.345269;1682
9700;0.654683;1021;0.343511;1680
9800;0.657148;967;0.3525;1852
9900;0.643662;1042;0.351351;2035
10000;0.63838;998;0.349515;1980
10100;0.644648;935;0.346988;1832
10200;0.637905;1048;0.346062;1828
10300;0.647711;998;0.34434;1778
10400;0.651496;968;0.34186;1757
10500;0.649648;1015;0.346241;2037
10600;0.651796;951;0.344671;1928
10700;0.654718;939;0.340807;1916
10800;0.648856;980;0.340757;1959
10900;0.650722;982;0.33698;1699
11000;0.647694;997;0.339785;1784
11100;0.644225;978;0.34188;1709
11200;0.64287;968;0.343882;1722
11300;0.64588;895;0.342437;1597
11400;0.64493;942;0.345833;1673
11500;0.664912;766;0.344398;1376
11600;0.653803;953;0.338086;1495
11700;0.650387;976;0.338057;1543
11800;0.649208;998;0.337349;1615
11900;0.652641;920;0.337325;1556
12000;0.656426;920;0.334653;1518
12100;0.653803;980;0.334646;1624
12200;0.661426;909;0.333333;1553
12300;0.667148;974;0.32882;1524
12400;0.673345;974;0.327553;1455
12500;0.676532;994;0.330784;1666
12600;0.689683;854;0.329524;1526
12700;0.682852;892;0.327652;1564
12800;0.672007;997;0.324578;1669
12900;0.673697;971;0.323364;1608
13000;0.669014;1031;0.325279;1607
13100;0.665423;1040;0.324125;1581
13200;0.665194;1043;0.326007;1636
13300;0.674595;960;0.324818;1553
13400;0.6675;1033;0.329114;1782
13500;0.668732;1014;0.329114;1681
13600;0.67368;998;0.32675;1575
13700;0.668099;1009;0.326786;1491
13800;0.664014;969;0.324468;1451
13900;0.659754;971;0.325704;1437
14000;0.651197;1045;0.327526;1595
14100;0.655599;1005;0.326389;1492
14200;0.660387;891;0.324698;1378
14300;0.643627;1039;0.325383;1756
14400;0.645687;1011;0.328836;1879
14500;0.660141;907;0.327731;1608
14600;0.658257;893;0.327181;1581
14700;0.647923;976;0.326667;1684
14800;0.642165;996;0.330579;1866
14900;0.656954;948;0.329508;1842
15000;0.667694;810;0.328969;1686
15100;0.665986;803;0.327362;1496
15200;0.643486;960;0.326861;1769
15300;0.656338;895;0.326333;1704
15400;0.641778;975;0.325843;1782
15500;0.641778;975;0.328;1877
15600;0.64132;975;0.328549;1783
15700;0.644806;986;0.336478;2327
15800;0.644824;985;0.340094;2412
15900;0.644771;1027;0.341049;2476
16000;0.659894;976;0.339478;2258
16100;0.652412;994;0.33945;2089
16200;0.649261;1016;0.339909;2054
16300;0.649261;1016;0.340909;1953
16400;0.648768;1042;0.339367;1979
16500;0.651232;976;0.339339;1807
16600;0.683732;761;0.337818;1543
16700;0.672852;940;0.33581;1650
16800;0.67375;926;0.33432;1636
16900;0.677412;905;0.332842;1615
17000;0.67081;934;0.331378;1420
17100;0.669102;952;0.330893;1372
17200;0.654525;1015;0.329463;1476
17300;0.665423;868;0.328035;1294
17400;0.661954;922;0.327089;1348
17500;0.66662;849;0.326149;1275
17600;0.672025;784;0.324286;1169
17700;0.657905;939;0.32153;1247
17800;0.658715;960;0.320621;1268
17900;0.657148;984;0.323034;1415
18000;0.649454;1050;0.324061;1507
18100;0.648838;1038;0.325997;1645
18200;0.649595;1010;0.327846;1698
18300;0.666496;973;0.326503;1493
18400;0.676989;816;0.324728;1225
18500;0.681673;695;0.32341;1076
18600;0.689489;626;0.322102;924
18700;0.693081;593;0.320805;873
18800;0.672165;726;0.319092;1006
18900;0.673873;717;0.317819;997
19000;0.668292;821;0.316556;1048
19100;0.651338;959;0.315303;1186
19200;0.669384;829;0.31406;978
19300;0.655968;932;0.312418;1081
19400;0.652905;963;0.313802;1189
19500;0.661092;992;0.312176;1218
19600;0.654894;1003;0.31137;1229
19700;0.664877;963;0.310567;1189
19800;0.673151;843;0.309371;1069
19900;0.662165;997;0.30916;1347
20000;0.66338;975;0.308767;1273
20100;0.657887;985;0.310127;1368
20200;0.668803;950;0.309343;1333
20300;0.68044;825;0.308176;1208
20400;0.673239;979;0.306633;1332
20500;0.665951;1034;0.30625;1342
20600;0.669613;1009;0.307214;1439
20700;0.676444;972;0.306452;1266
20800;0.673627;989;0.307882;1450
20900;0.67588;1020;0.306373;1446
21000;0.674137;1016;0.308161;1430
21100;0.667236;1005;0.308343;1582
21200;0.664437;995;0.308063;1511
21300;0.657025;1037;0.309353;1690
21400;0.677465;860;0.308982;1513
21500;0.671831;998;0.308333;1696
21600;0.661954;1050;0.308422;1739
21700;0.689542;798;0.308057;1442
21800;0.691585;774;0.307692;1386
21900;0.674859;1017;0.305882;1629
22000;0.680546;1009;0.304807;1621
22100;0.680211;1029;0.304094;1641
22200;0.672394;1023;0.303488;1609
22300;0.666866;1024;0.304398;1551
22400;0.661849;1043;0.30485;1588
22500;0.661092;1032;0.306544;1608
22600;0.661338;982;0.305492;1516
22700;0.650757;1056;0.303754;1590
22800;0.668204;982;0.303511;1621
22900;0.661567;1012;0.303712;1720
23000;0.673363;929;0.302691;1637
23100;0.672324;849;0.302013;1467
23200;0.656144;1056;0.301887;1790
23300;0.668134;1019;0.301991;1847
23400;0.662359;1061;0.303197;1811
23500;0.658592;1080;0.304061;1999
23600;0.661532;1067;0.304491;1963
23700;0.657394;1098;0.305677;1966
23800;0.658838;1083;0.305103;1948
23900;0.66368;1054;0.305525;1863
24000;0.663327;1031;0.304536;1719
24100;0.667905;999;0.303879;1627
24200;0.670229;1016;0.304813;1684
24300;0.651215;1095;0.304671;1924
24400;0.667447;980;0.303704;1679
24500;0.66537;999;0.303062;1698
24600;0.654736;1039;0.304393;1743
24700;0.656162;1040;0.30625;1887
24800;0.652518;1042;0.306736;1850
24900;0.651532;1058;0.30999;1926
25000;0.651532;1058;0.312821;2040
25100;0.666585;913;0.3125;1848
25200;0.67618;792;0.3125;1727
25300;0.671004;843;0.31218;1735
25400;0.671004;843;0.31218;1691
25500;0.666408;891;0.311542;1643
25600;0.661197;957;0.313008;1870
25700;0.667148;948;0.31307;1916
25800;0.663415;992;0.315206;2108
25900;0.665898;972;0.315578;2010
26000;0.666567;1001;0.317;2115
26100;0.666567;1001;0.320398;2220
26200;0.669947;957;0.321429;2204
26300;0.665669;973;0.321816;2116
26400;0.670845;967;0.323847;2130
26500;0.668556;998;0.327485;2417
26600;0.66912;988;0.330097;2594
26700;0.662975;1012;0.329138;2461
26800;0.668662;1037;0.329151;2310
26900;0.671655;1056;0.3282;2329
27000;0.669736;1087;0.330144;2467
27100;0.675352;1010;0.329513;2301
27200;0.680616;990;0.328571;2124
27300;0.693468;736;0.328571;1810
27400;0.685088;809;0.327947;1782
27500;0.683099;870;0.327324;1843
27600;0.68118;890;0.326395;1839
27700;0.678856;949;0.326415;1924
27800;0.669859;1020;0.326435;1957
27900;0.669859;1020;0.32833;1901
28000;0.66618;1030;0.330532;2051
28100;0.676092;874;0.329916;1697
28200;0.676743;862;0.329609;1639
28300;0.664049;992;0.327172;1769
28400;0.659243;966;0.326568;1706
28500;0.65956;947;0.328125;1771
28600;0.659701;972;0.329056;1816
28700;0.661655;917;0.327854;1709
28800;0.668011;896;0.326364;1688
28900;0.65912;1057;0.325497;1759
29000;0.652165;1064;0.32642;1854
29100;0.652165;1064;0.330045;2004
29200;0.651461;1045;0.329454;1894
29300;0.650106;1052;0.329768;1842
29400;0.648011;1068;0.331261;1899
29500;0.654296;1013;0.330674;1784
29600;0.652518;1023;0.331565;1793
29700;0.648398;1076;0.332159;1902
29800;0.645669;1037;0.331874;2003
29900;0.647764;1016;0.331878;1938
30000;0.644859;1051;0.335355;2183
30100;0.64463;1078;0.33506;2167
30200;0.653521;992;0.334771;1855
30300;0.637412;1067;0.335052;1887
30400;0.638063;1069;0.335897;2075
30500;0.639384;1086;0.335891;2147
30600;0.64382;1067;0.338422;2236
30700;0.665968;902;0.338136;2000
30800;0.665968;952;0.337278;2003
30900;0.667342;886;0.336709;1917
31000;0.647606;1029;0.335576;1986
31100;0.64044;1060;0.335846;1996
31200;0.640035;1060;0.337229;2085
31300;0.636937;1070;0.3375;2172
31400;0.638697;1025;0.338589;2182
31500;0.644613;1006;0.338563;2301
31600;0.647254;1021;0.338829;2205
31700;0.649718;1039;0.338816;2067
31800;0.650018;1047;0.339885;2147
31900;0.649613;1074;0.341224;2362
32000;0.651937;1012;0.340946;2088
32100;0.659349;938;0.340114;1917
32200;0.654032;1011;0.34168;2154
32300;0.656127;1049;0.341129;2118
32400;0.649894;1058;0.341365;2164
32500;0.651479;1063;0.3416;2280
32600;0.651778;1062;0.343949;2553
32700;0.662377;1079;0.34521;2663
32800;0.663292;1051;0.345182;2584
32900;0.661549;1082;0.345154;2615
33000;0.661408;1083;0.346939;2492
33100;0.665018;1030;0.347146;2402
33200;0.66169;974;0.346334;2346
33300;0.653662;1029;0.347319;2433
33400;0.650053;1036;0.348263;2504
33500;0.651268;1052;0.348194;2312
33600;0.655194;1017;0.347393;2120
33700;0.646144;1033;0.346565;1903
33800;0.647042;1001;0.347032;1792
33900;0.646884;1010;0.346505;1623
34000;0.653926;975;0.345979;1588
34100;0.649296;1025;0.345455;1638
34200;0.656408;999;0.345372;1861
34300;0.656162;1017;0.345113;1879
34400;0.649454;1056;0.346067;2073
34500;0.654683;1011;0.346298;2079
34600;0.658504;1013;0.344751;1862
34700;0.654701;1017;0.3447;1786
34800;0.667535;930;0.344189;1536
34900;0.657694;988;0.343427;1594
35000;0.661092;965;0.343888;1620
35100;0.65956;1006;0.343338;1603
35200;0.664384;913;0.343087;1435
35300;0.651602;961;0.342336;1483
35400;0.649102;996;0.343023;1710
35500;0.648151;988;0.343727;1758
35600;0.647465;995;0.342733;1765
35700;0.645722;1022;0.34366;1917
35800;0.645141;1019;0.343885;1853
35900;0.646408;1025;0.34384;1775
36000;0.660475;887;0.343593;1595
36100;0.648785;994;0.342857;1662
36200;0.646268;1048;0.342368;1559
36300;0.651567;980;0.341394;1491
36400;0.656215;985;0.340909;1420
36500;0.64493;987;0.340636;1445
36600;0.649947;949;0.339676;1332
36700;0.65162;978;0.338721;1361
36800;0.646637;1037;0.338936;1466
36900;0.643275;1038;0.338687;1533
37000;0.647306;1052;0.338665;1609
37100;0.654173;999;0.339583;1514
37200;0.651972;1030;0.340028;1616
37300;0.653239;953;0.339557;1474
37400;0.661197;919;0.339323;1440
37500;0.651127;967;0.34022;1606
37600;0.649296;988;0.340644;1811
37700;0.664824;897;0.340411;1667
37800;0.655405;973;0.339713;1595
37900;0.649771;991;0.3397;1685
38000;0.661021;975;0.338776;1536
38100;0.655511;1040;0.339213;1789
38200;0.664736;937;0.338753;1584
38300;0.674366;843;0.338066;1490
38400;0.659366;972;0.3367;1619
38500;0.655845;1007;0.336913;1720
38600;0.664683;951;0.335786;1617
38700;0.651373;1046;0.337325;1925
38800;0.647165;1018;0.338196;1946
38900;0.655246;985;0.339061;1906
39000;0.658662;939;0.339274;1925
39100;0.655563;970;0.339486;2009
39200;0.667236;876;0.339039;1892
39300;0.660722;971;0.338371;1911
39400;0.674507;829;0.338148;1686
39500;0.660863;974;0.337475;1766
39600;0.66706;929;0.337035;1604
39700;0.660863;1031;0.336801;1830
39800;0.661655;982;0.336145;1571
39900;0.653644;1032;0.336352;1823
40000;0.658327;1027;0.336346;1910
40100;0.655018;1052;0.338896;2252
40200;0.649525;1045;0.340371;2366
40300;0.649525;1045;0.343312;2560
40400;0.656831;1052;0.34264;2505
40500;0.65243;1070;0.342422;2328
40600;0.65243;1070;0.343671;2433
40700;0.645915;1067;0.344697;2470
40800;0.645915;1067;0.345936;2501
40900;0.646831;1043;0.34799;2415
41000;0.645546;1043;0.348589;2352
41100;0.649842;1047;0.349563;2459
41200;0.649754;1023;0.349938;2529
41300;0.661373;963;0.349502;2399
41400;0.654613;1033;0.349659;2336
41500;0.655317;998;0.350866;2412
41600;0.651673;1027;0.351601;2732
41700;0.653028;1035;0.351567;2656
41800;0.654613;1022;0.351897;2770
41900;0.658028;997;0.351252;2745
42000;0.664401;927;0.35061;2374
42100;0.666127;1004;0.349757;2275
42200;0.663486;1049;0.350697;2431
42300;0.661303;1038;0.351025;2547
42400;0.661303;1038;0.353365;2848
42500;0.660827;1033;0.352906;2513
42600;0.669401;1001;0.353047;2559
42700;0.67;842;0.352625;2317
42800;0.673697;853;0.351995;2328
42900;0.684806;868;0.351159;2005
43000;0.675792;961;0.350118;2041
43100;0.670863;971;0.350473;2091
43200;0.66132;1024;0.351797;2334
43300;0.657465;1060;0.351558;2349
43400;0.664965;1010;0.350939;2249
43500;0.690475;731;0.350733;1872
43600;0.678521;904;0.349095;1771
43700;0.672905;991;0.348864;1949
43800;0.665933;1037;0.349768;2092
43900;0.667553;1036;0.350694;2204
44000;0.668433;1027;0.350664;2108
44100;0.666901;1021;0.351211;1929
44200;0.670088;985;0.350806;1748
44300;0.665757;1035;0.351724;1774
44400;0.667007;1017;0.353582;2138
44500;0.666426;1011;0.353177;2084
44600;0.672271;1029;0.353143;1945
44700;0.671673;1033;0.353478;1931
44800;0.66743;1066;0.353811;1964
44900;0.66382;1018;0.354344;2070
45000;0.664577;1048;0.353541;1991
45100;0.671197;1034;0.352742;1729
45200;0.66669;1074;0.353638;1905
45300;0.660229;1068;0.354494;1835
45400;0.651426;1090;0.354622;1838
45500;0.658222;1049;0.355145;1901
45600;0.657958;1039;0.355109;1919
45700;0.656021;1022;0.355234;1950
45800;0.661637;933;0.355593;1911
45900;0.645317;1016;0.355;1799
46000;0.64493;1036;0.356551;2046
46100;0.659049;929;0.35596;1677
46200;0.66007;996;0.355727;1648
46300;0.661637;1009;0.35569;1689
46400;0.680986;861;0.355495;1511
46500;0.675775;924;0.355104;1574
46600;0.668838;997;0.354874;1592
46700;0.662817;1079;0.355664;1824
46800;0.660757;1064;0.355084;1809
46900;0.665018;980;0.354699;1633
47000;0.651426;1064;0.353896;1622
47100;0.656092;984;0.353514;1514
47200;0.646215;1057;0.354526;1842
47300;0.638433;1072;0.354648;1871
47400;0.639331;1092;0.35477;1806
47500;0.644877;1056;0.354511;1760
47600;0.644173;1022;0.353912;1698
47700;0.645581;1006;0.354599;1758
47800;0.643257;1071;0.354377;1774
47900;0.64757;1082;0.355026;1780
48000;0.652007;1057;0.355861;1948
48100;0.649102;1071;0.356352;2022
48200;0.648574;1081;0.357331;2070
48300;0.651496;1049;0.357928;2221
48400;0.650933;1069;0.358559;2285
48500;0.656162;935;0.357999;2046
48600;0.659155;962;0.357626;2002
48700;0.654806;1028;0.357254;2031
48800;0.660757;908;0.356883;1911
48900;0.668556;801;0.356328;1674
49000;0.684366;648;0.356328;1511
49100;0.675141;725;0.355959;1485
49200;0.647852;924;0.354855;1519
49300;0.650423;965;0.354489;1308
49400;0.655141;963;0.354124;1248
49500;0.650493;1052;0.353728;1384
49600;0.646761;1065;0.353515;1509
49700;0.646708;1080;0.354806;1880
49800;0.652289;1059;0.354624;1663
49900;0.650088;1079;0.354592;1611
50000;0.650246;1070;0.35387;1602
50100;0.647606;1098;0.35351;1630
50200;0.649912;1086;0.354283;1786
50300;0.652658;1079;0.35443;1728
50400;0.657852;1016;0.354366;1641
50500;0.662518;1023;0.354985;1752
50600;0.668891;1031;0.355745;1966
50700;0.666127;1031;0.35589;2037
50800;0.657359;1040;0.355;1969
50900;0.663627;986;0.355;1915
51000;0.665194;940;0.355;1677
51100;0.678046;805;0.355;1506
51200;0.696408;618;0.355;1205
51300;0.698398;563;0.355;1047
51400;0.705528;500;0.355;892
51500;0.708257;449;0.355;841
51600;0.727025;268;0.355;660
51700;0.727025;268;0.355;660
51800;0.727236;258;0.355;650
51900;0.727799;258;0.355;650
52000;0.727799;258;0.355;506
52100;0.727799;258;0.355;506
52200;0.727799;258;0.355;401
52300;0.727799;258;0.355;360
52400;0.729261;232;0.355;334
52500;0.729261;232;0.355;334
52600;0.733028;188;0.355;290
52700;0.733028;188;0.355;290
52800;0.733028;188;0.355;290
52900;0.733028;188;0.355;188
53000;0.733028;188;0.355;188
53100;0.733028;188;0.355;188
53200;0.733028;188;0.355;188
53300;0.733028;188;0.355;188
53400;0.733028;188;0.355;188
53500;0.733028;188;0.355;188
53600;0.733028;188;0.355;188
53700;0.733028;188;0.355;188
53800;0.733028;188;0.355;188
53900;0.733028;188;0.355;188
54000;0.733028;188;0.355;188
54100;0.733028;188;0.355;188
54200;0.733028;188;0.355;188
54300;0.733028;188;0.355;188
54400;0.733028;188;0.355;188
54500;0.73919;121;0.355;121
54600;0.73919;121;0.355;121
54700;0.73919;121;0.355;121
54800;0.73919;121;0.355;121
54900;0.73919;121;0.355;121
55000;0.73919;121;0.355;121
55100;0.73919;121;0.355;121
55200;0.742887;54;0.355;54
55300;0.742887;54;0.355;54
55400;0.742887;54;0.355;54
55500;0.742887;54;0.355;54
55600;0.742887;54;0.355;54
55700;0.742887;54;0.355;54
55800;0.742887;54;0.355;54
55900;0.742887;54;0.355;54
56000;0.742887;54;0.355;54
56100;0.742887;54;0.355;54
56200;0.742887;54;0.355;54
56300;0.742887;54;0.355;54
56400;0.742887;54;0.355;54
56500;0.742887;54;0.355;54
56600;0.746532;32;0.355;32
56700;0.746532;32;0.355;32
56800;0.746532;32;0.355;32
56900;0.746532;32;0.355;32
57000;0.749243;0;0.355;0
