G 25 80 transtub(0,4,0,0,{1,45,3,0.500,0.000,0.000},{1,22,3,0.500,0.000,0.000},{6,29,3,0.500,0.000,0.000}) 45 0 4 0 
V 0 0
V 1 2
V 2 1
V 3 2
V 4 2
V 5 0
V 6 1
V 7 0
V 8 1
V 9 2
V 10 1
V 11 2
V 12 0
V 13 0
V 14 2
V 15 2
V 16 1
V 17 1
V 18 1
V 19 0
V 20 1
V 21 2
V 22 0
V 23 2
V 24 2
E 0 21 83
E 0 11 29
E 0 6 90
E 0 1 83
E 1 2 91
E 1 3 5
E 2 3 24
E 4 5 98
E 4 8 23
E 4 9 80
E 5 9 71
E 6 7 12
E 6 8 61
E 10 14 41
E 10 16 80
E 11 14 91
E 11 16 46
E 12 13 61
E 12 14 43
E 12 15 14
E 13 14 56
E 14 15 79
E 14 16 23
E 15 16 6
E 17 18 52
E 17 19 90
E 17 21 22
E 17 23 60
E 17 24 7
E 18 19 29
E 18 22 1
E 19 20 92
E 19 22 37
E 19 23 1
E 19 24 46
E 20 24 15
E 21 22 23
E 21 23 34
E 22 24 59
E 23 24 42
